99677767
85965429
155175927
1478989566875176963
1445182772780290049
1478969665997393920
1479382246041976833
1421079578898944002
1480101389422727173
1355780448027205633
1469277007397920772
1459872536192491520
760421437941293057
4549466472
1479497414231097344
1479747558717427715
1479645214310825986
164291353
1478751887025643526
2220659659
1045649002190921728
1302494643544666113
1020198672225611776
1350774970243170304
1478203561352003584
1269852992737439744
1477916676100595713
1478114760545964032
1477934783393320960
1476746427267416064
1444191995447021569
283622357
1471999309646540801
3120255559
1477125260608950278
1148362753771372544
1443366102369648644
1472227681899270144
1474674169661263876
1385416956971425794
1469268230544191491
933478721041833984
1284329534334988288
1423883270828158977
709687631462838272
1476100861923557376
230087946
1397861874767589379
1457182910461935616
1475447638711730178
1475490446621417472
1319946773289263104
1196919438127194112
1471690664773840896
1414780523445067791
1249876092241866752
1475037027322458112
1080738395041624064
1471830500285493251
1425796888859582465
1459404804678365185
1431193754996654085
1428113540179664896
3776592254
1474130741462450180
1408046928516976643
1377771762109177856
268747107
1470184003710091264
69362692
1431191458883653633
1439615569485983745
1473401021426987011
1027540457981526021
1299413052211761158
1290263857013784578
1411907392569167872
1462415059288690690
1381195228841795585
122365915
1387529097253822465
1467664899962970113
1393209022539440133
1450450021845925894
1091064643
1431179479502573570
1171807131894370304
1396834890415435779
1461988913577299978
1292760679695314944
1453878776417308673
3193779229
316132646
310902848
1382488073947082755
1018883382
1433760494993563652
1436983283028426757
218793100
223473099
1411845990940692480
1279546500
85415846
1051395434130759680
108960444
1367861822380990465
1367793798416334848
295584300
2884366813
1294401052683403273
1281715917672464385
373670614
383288069
241977733
387450172
814030417527336960
227736822
1358940715347283968
1294379435899129856
3068501580
1294378879134715905
1171288090196901889
2246539512
1398700084078907394
1331590861101043712
1433388464083398656
1433374214807904256
952104433600483330
1294374041609011201
1289434923229577218
1433388453480173568
114264134
352500880
380301548
890711034595491840
1380917354
1268677897
1328713940583337985
215540123
978707999115173889
1392770396018020354
1386606454119878656
978327206324850688
1367836434594492416
1536732991
1352675482265915397
227990851
1391544350060924928
1294009124926234630
980727586044067840
980408669035728896
1352095348022415361
976836645692592133
1431647839386411014
1135754390
1043266706557165568
1251714433824419840
1050317818476953600
1039112080329039873
1224606407552487424
979183983882678272
1281178085245595648
1352743479672102913
1351379455072198656
1034764365507883008
1351444840026955778
3285747583
1429184763043061761
1304552355317207040
1428171194939822085
970288690030260224
1428372983735672842
1419585659354812423
1351383494312816642
2478118448
1351634470512648192
228653927
1381287024234127363
764306264897708032
1414929863924875268
1427451764052172804
2884085216
83599095
1052241600
1384584960921587713
1360292398245511169
747311995402104832
981911049975693312
1422533392290123780
976241600866250753
970399306824986624
1254438523915997189
1413639068269748225
1116228216836911104
1359453628591841289
1399573011641028608
1399571462772637696
1393072827746631680
862968827247640577
1253232174624411649
933692777862381568
161211877
1280879050685366284
1294020211629273088
1408529919060086788
1218548295913488384
1418891859993284612
2707919324
1197719290843037697
870518310605017088
1402183259530825728
1352576423010193408
1423940870919708674
1352736938113912832
1388236888079704066
1423694552456519682
1423188008279298049
1402247255558561793
960746605824524289
1332496762435559425
1122167805321723905
1369535106352779266
1420209316825427969
1418816663080873984
1390862862218715136
1419530053600235521
1419125055011713025
1393026500551581696
1421738960280166402
929247092022718465
1358993362490064901
121155038
1267535568801378304
1391965495977406464
1305741959445712896
1418471386293538816
1404776250493739010
1418050689180200960
1417265814642728967
1384732276924112898
1419896896911396865
1420927906373529605
1420319496305184768
1389073057327718401
1420207408341651458
141523552
1280023663064936449
133344290
1035128472723644416
1230346181395415042
1081688724046397441
1340972253920411651
1405267614759227393
1420358393898799106
1353223090109521920
2394018487
1115475143747198976
1362537727581843458
1114419517931679745
1347760547094171649
1089482257
995600540644950016
3317066827
2211560767
1418133432056516611
1251117047532011522
1263568439546765312
1166686341985267713
1312974560770224130
2489687059
1186858463625760768
1392243802904035330
798534816341729280
1399575103755755520
1393042026288005125
395690884
726726181240770560
1379551190992609281
1018057617279614977
1361531311022764037
266542028
1390959610538778632
724229521759576068
1384992436317872128
1311686037815668736
1410213585662455808
1411493189056221186
325966113
783260433012535297
1259254220
1407705914912624644
1368206160856117250
1409049389255954434
1195321220742316032
193633134
3190054171
1144080997308219392
4906640755
1401015661342593025
1408337193479802882
1408698728794394626
1406935541447237635
1355741854872989698
1400373373457211394
1325059712287559680
1294450152904593408
490634440
1236648954281902081
1391198426906251265
1055010115399626752
505422292
1225757791920377857
1390151779900215296
1223218845906636803
1222858606799835136
1222856160107094016
1405253736285409281
2304040687
1261253448864956417
1270195520485507072
1405000686408921092
1402674098325520384
1327284443086684168
1200474924902563840
1402906861708353537
1310476192684806147
1398550916890988544
101258050
1267429961276653570
1358759565936918529
1397862882491043843
1349319984871141376
597491454
1401742891605626883
1222045306184798208
1401640885188661249
1215467165769326592
1401542019185475585
95818850
1369290117391679490
1399830896409149441
1390995453047578624
1333653984456835072
1183309076215676929
1327075188903534592
1382810903070973953
1386139709055721473
24507004
1387390480262991882
1252100627032764416
1389983087212126214
1356875204706766848
1276878853386854401
1324007215351558151
1290588037005504513
53572602
1212726079019872256
1198889537461600256
1392499974726819841
1083171026710671360
1395224414455697408
1382875318260666370
1175390716240879616
1394494939648593920
4845246512
1293539599331913738
1206681521878228992
1346750995800453120
887661808135290880
1236600896395415553
1392384172908371968
1388495544817831939
95777277
1392551929843224583
1391387105142599681
1374237809142165504
867530954360803329
1310611334808051712
1358274964873351170
1378721273706999809
1314175656662454273
1371034777319399430
1130375744947752960
1185489599004471297
1276303237746798593
1389870119866626053
1296118074643320832
1388515127280889858
904975219651100672
1134956931993329664
1337938264821387265
926988306214043649
2536964791
1173571662232444928
1379497713914408960
1380376595739725832
1356042355216842754
626113646
1385021694876651522
1383987639552905230
1303534101870202880
1375821866858807296
1328574858448564225
1051410218259636224
1384156783493615617
1278339869396402180
952496205522640896
1291307500403269633
1309857897891864577
1237743106277031937
1376136653236924421
1377017327263248384
1691171838
1377227099212115971
4779086352
1197146245845811203
1352165891241218050
1368778377566375936
999913390431588352
1375014451657629699
1375901869457899521
1375376823308062720
1030452610405347328
1244989196986732545
78600318
1373529770810429440
1276889885769515008
1369359650513108992
1372971052347756550
1372681223454138376
1332933704386113536
1369628370170908676
737100545119260673
1344985667462287360
1117588311537676293
1372393181845671939
1370322251942273025
1372243764765323264
1335874328257183744
1349684213927141376
819191146232451073
1358944026250993665
1338819230964170752
1318337507021385731
1370210291754049537
1369760484560281606
1313089561698856961
1115902139954606085
1340127748493246464
1369305802113224709
756824726048116737
1368386878404104195
1368191448877830144
1358122822023880704
2839078567
110356007
1131321553709256705
1366730812519972874
1334449246674644992
1257109195813457920
1317254896035377154
869210778460504064
1319715737284431873
1359358505228984321
111225568
207607637
373674504
1214549134822129664
956153183583129600
915180473483091969
1360108991364227074
1328803963752357888
1326333699227410432
120310230
1277547631229562881
1328908467801755648
2868318674
1314728106838487040
1340128538737799169
1354928680041029634
1358325486741377024
1259921772637351943
4690332553
1342287166647357443
2357471034
1305366086087446528
1251178841248116738
1352792203941171205
1353037025323048961
781398717865820160
1205527700640714753
1354295171274313729
1162404903597178880
1161609897345073152
1145261546135666689
1345931985298984966
1349275423964762113
1342100675669315584
1253598927238000641
1347856699927846920
535000665
1296231975515123712
1345189791252369414
1342603158011297792
1122502243
1340881656438132736
2197077955
1245101186
1187775284247875586
718711159210135552
1340217364273500161
1297072019402452992
48577444
1249709320188485632
1021580525310365696
1340907502066487298
1099239458178686976
205578245
1335067015036334080
1118050129154457600
880004741727637510
1339542144277643265
1327250127958933506
69796411
51988933
1205671844021297152
2227909680
1326778630110912512
1308722148979040257
1303200785698758656
1333409343186685952
1309473513237934081
3192372564
797247650575679488
1336920343483621377
822265276213252096
1148910563780526080
1333082705269989376
1179713862725062656
1333526683048001536
1301567099689553925
1165814402718650368
1305993763425148929
1329647671569596416
2391694049
1312532398047784960
1302833948389568515
634578707
1316949100416258048
1323152853494460416
1214146191992078336
1310878654243586049
1189431745201852416
1323303045199917057
1330046814402322434
1254252355308015621
1306814896114343937
1156910431
1221617541543428098
1328246650091958273
1321795830005686272
931401411018989568
1329315036741857282
803617026430279682
1250797685184946176
1324712041551024129
1284318726028816384
1263393646549676032
1314433833043853312
1089946965993869314
2970394201
1253454552235311104
952398281413292032
1324599494634172416
1325835820306100224
1271590314369863680
131129410
873220856297644032
1141977372096266241
1317272587676786689
1217235460222664705
1289797708081897472
1240166005420126213
4859341780
1317198398315843584
971832871596904448
1272747010047631362
964128168348012544
857260179179552768
1319329545351168002
1048914071800635392
1083380146181009409
2436631908
1193040849916985344
2687518729
1247888711942959104
1317094872168292352
993371699117678593
4485602292
1174529160531759104
1279782763017596933
1207853312705363968
407500702
1304641765207490560
1259353333833191424
1314766264254881792
1303963520694804480
1255763200387067904
4332147742
1270265979222716416
2855442194
1280358228295966720
1244146188133138433
183135660
1297476779712552960
1315128750770548739
1074123270666936321
1109318857468973056
1162700837950353409
1278691283184128002
906768960397312000
970759029776502784
1133348725353472000
1157300424401014784
1311165596566843393
1310959275704029184
1166980310426247168
1046246959399354370
1310467836108664832
1296497121445597185
2470677228
1291989485412966400
426119276
866706974666145792
1231387232012886016
1244639546156834817
1303111920820473856
1304791819725672448
807044915603509248
1253921415008419843
3759265992
1304043251515621377
238592174
1094767200756355073
1262135985258676224
970064849874034688
1294463941247037441
264794276
878863814535655424
1256938521199173632
1100673361355563008
1234318046631579648
968817808548204545
540145626
1221895475986460673
1238107170509484034
1403225706
1250409483320184833
1295612635879108608
1524353485
1296883036189896704
1297032740047482881
1266867418845986816
1210517551530180609
1293044118520598528
1224585602789605377
1153961367684055040
2881039333
908964120069791744
1201047336312401920
1180857914304520193
1129699908531806209
1215681107431002114
1239413961323196418
105430474
1248846506666295297
909728515280429056
1196412938518589442
1289362301154295809
1270220404460630016
1267414159571824640
734205801129091072
741993133580288001
1285803037403959296
4170696794
3257117094
1229087700918996992
815208635953397760
419438098
795588486937997312
1252395728963399682
1164035585377312768
1119563632227102720
2837441618
1212682955165798401
1176912042478800896
1202570978863173632
1093905149481762817
1246580895751921664
1276128545819918337
1292621392303644672
1209120054354141184
1283593836422287360
1270868771347939328
1276913032971591683
1257191470689210368
1246092158521638912
1139493439320424448
716486580945297409
2359224398
1221927977593663488
1275580666088841217
1152904281999024128
70652196
1074308787295514624
256089613
1158264897664217088
804549193666699264
1260801212368080896
1229721313993838593
1206598791836491776
1268162937702645765
838121413995266050
880938350722531331
2572038204
919017055348592640
1208698644615987201
108505619
1159328295957102593
1152562691183009792
1181115412370448384
1001071268609720320
1244623985469341697
1204935258824560640
843675139543711745
1276130226896908288
1234441798358953984
1222867532178051074
1259673311887253506
1182111896
3912037813
1193360753765412864
1285791766172450818
1238112139417489415
1081163093428719616
1074130428011769856
2778049082
3181223762
