1464573192756817920
1465271013906993152
1463096791067336709
99677767
85965429
1478989566875176963
1445182772780290049
1478969665997393920
1421079578898944002
1355780448027205633
1459872536192491520
4549466472
1479497414231097344
1474354391167774725
1472286326993174537
1478751887025643526
1464895450020990981
1263681805200187392
1474589970274787330
1020198672225611776
1350774970243170304
1269852992737439744
1478114760545964032
1476746427267416064
283622357
3120255559
1148362753771372544
1443366102369648644
1273027217153421313
1385416956971425794
933478721041833984
1284329534334988288
738972679026315265
1476100861923557376
1397861874767589379
1475447638711730178
1475490446621417472
1196919438127194112
1380672713539297281
1102853997432463360
1414780523445067791
1475037027322458112
1471830500285493251
1459404804678365185
1431193754996654085
1465951561180397570
1469869065665925124
1469473891353763840
1408046928516976643
268747107
69362692
1439615569485983745
1027540457981526021
1290263857013784578
1472920574074953728
1471123911157088264
1381195228841795585
1387529097253822465
1461521420643860481
1471410521278906368
1450450021845925894
1400765113234120707
1058283105683832833
1431179479502573570
1396834890415435779
1292760679695314944
1440595183809150978
1440701922147639301
1355775603757092865
1177766237197103106
1391643942488207361
1416778403840147456
373895671
1411042806143979521
316132646
1382488073947082755
1433760494993563652
1430834144532123653
218793100
1411845990940692480
85415846
108960444
1367793798416334848
2884366813
1303583147250970624
1433431502302298124
373670614
1271418836462387200
387450172
227736822
1431281133682102277
1241592668079050753
3068501580
1171288090196901889
1430101384423223309
1331590861101043712
1433374214807904256
1294374041609011201
1289434923229577218
114264134
380301548
1256193106262716416
1268677897
215540123
314967966
1392770396018020354
1433704130485186567
978327206324850688
1536732991
227990851
1294009124926234630
1429761065072533505
1336556261639299073
976836645692592133
1135754390
1251714433824419840
1039112080329039873
1422896329240432650
1281178085245595648
1351379455072198656
1351840277007196160
3285747583
1304552355317207040
1428171194939822085
970288690030260224
1419585659354812423
2478118448
1351634470512648192
1381287024234127363
1359784191748018178
1427451764052172804
83599095
1052241600
1360292398245511169
981911049975693312
976241600866250753
1422010806321881091
1413639068269748225
1359453628591841289
1399571462772637696
862968827247640577
1372986465718661120
1414594034920828934
161211877
1294020211629273088
1408529919060086788
1418891859993284612
1197719290843037697
1402183259530825728
1352576423010193408
1424007827513769987
278935808
1423694552456519682
1402247255558561793
1332496762435559425
1369535106352779266
1418816663080873984
1419530053600235521
1393026500551581696
1421738960280166402
1358993362490064901
1267535568801378304
1305741959445712896
1404776250493739010
1417265814642728967
1419896896911396865
1420319496305184768
1080073775217922048
141523552
133344290
1035128472723644416
1081688724046397441
1340972253920411651
1420358393898799106
2394018487
200417879
1114419517931679745
1418965634747150340
995600540644950016
2211560767
1416056263390089219
1418133432056516611
1251117047532011522
1008933331
1166686341985267713
2489687059
1392243802904035330
798534816341729280
1393042026288005125
726726181240770560
1018057617279614977
266542028
1390959610538778632
1132992592784703488
1253674042831208449
1410622160519929857
1410213585662455808
1411493189056221186
325966113
949863878699114496
783260433012535297
1407705914912624644
1409049389255954434
193633134
1144080997308219392
1401015661342593025
1408337193479802882
153800250
1355741854872989698
1078397581766488064
1294450152904593408
490634440
1402067310534295552
1391198426906251265
1055010115399626752
505422292
1390151779900215296
1222858606799835136
1405253736285409281
1281131613007437825
1270195520485507072
1402674098325520384
1200474924902563840
1215634485045186560
1403996094615277571
1355561979054870531
1310476192684806147
101258050
1267429961276653570
1358759565936918529
1396676894775398403
597491454
1222045306184798208
1401640885188661249
1340089359131758592
1371386490903666688
95818850
1399830896409149441
1333653984456835072
1183309076215676929
1382810903070973953
1386139709055721473
1387390480262991882
1389983087212126214
1276878853386854401
1290588037005504513
1212726079019872256
1392499974726819841
1083171026710671360
1382875318260666370
1394494939648593920
4845246512
1206681521878228992
887661808135290880
1392384172908371968
1388495544817831939
1392551929843224583
1391387105142599681
867530954360803329
1358274964873351170
1314175656662454273
1326808945139183617
1185489599004471297
1276303237746798593
1296118074643320832
1388515127280889858
904975219651100672
1134956931993329664
926988306214043649
1173571662232444928
1379497713914408960
1382533532367552519
1377286477143404561
904101768
626113646
1383987639552905230
1375821866858807296
1051410218259636224
1278339869396402180
1299706545182183432
1100950133418520577
927158460357132288
1237743106277031937
1377017327263248384
957848159933247488
4779086352
1352165891241218050
999913390431588352
1375014451657629699
259723898
1375901869457899521
1365428534743810051
1030452610405347328
1351747579621490690
78600318
1355762213227614210
1372142686874923015
1372971052347756550
1332933704386113536
737100545119260673
1117588311537676293
1372393181845671939
1372243764765323264
1349684213927141376
1369260045368582147
1296001563899473920
1358411798999801857
1318337507021385731
1369760484560281606
1115902139954606085
1348909522434199555
1369305802113224709
1210794941418360838
1368191448877830144
1325294244924284928
110356007
1366730812519972874
1357675445316067331
1257109195813457920
112034326
234352403
1194612925391966209
1280434816400277508
1359358505228984321
217667256
262521116
136145251
207607637
1353395317295595521
1360991827252285443
915180473483091969
779963546423529472
1326333699227410432
1347766232582246402
1328908467801755648
1314728106838487040
1298089379932430337
1354928680041029634
1259921772637351943
1352051685623955457
4690332553
2357471034
1251178841248116738
1353037025323048961
1205527700640714753
1162404903597178880
1161609897345073152
1085079728392830976
1313762067900366850
1342100675669315584
1347856699927846920
1348737490182578176
1296231975515123712
1342603158011297792
1340881656438132736
967677561328119808
1344896118589591555
1187775284247875586
1340217364273500161
1340896493503279104
48577444
1021580525310365696
1099239458178686976
1335067015036334080
880004741727637510
1210197424926384128
1336234665015869440
1330484054366404610
51988933
1310596617771184128
1221762424111452161
1326778630110912512
1303200785698758656
1335500508987969539
1309473513237934081
1320793718824136704
797247650575679488
822265276213252096
1294663530210197505
1179713862725062656
1333526683048001536
1165814402718650368
1329647671569596416
349648432
1302833948389568515
634578707
1323152853494460416
1214146191992078336
1330406016777924608
1310878654243586049
1323303045199917057
1330845624091086850
1306814896114343937
1221617541543428098
1326850393813315585
1327855873918521344
1329315036741857282
726430872279216128
913657342671020034
1314946669025337345
1324712041551024129
1263393646549676032
1089946965993869314
1259131132731224065
952398281413292032
1325835820306100224
1271590314369863680
131129410
1141977372096266241
1317272587676786689
1289797708081897472
4859341780
1317198398315843584
971832871596904448
892679149810139136
1319335775486398465
1319329545351168002
1083380146181009409
1193040849916985344
1319495014699839489
1295154496193011713
1317094872168292352
993371699117678593
1174529160531759104
1207853312705363968
1315981957377912832
1317497740604055553
1314404951070658562
1259353333833191424
1303963520694804480
4332147742
1270265979222716416
1081866807156170753
1280358228295966720
183135660
1315128750770548739
1074123270666936321
1162700837950353409
906768960397312000
970759029776502784
415960920
1157300424401014784
1309682536784691200
1305707908336742402
750240814169665536
1125369465602838530
1166980310426247168
1310613712621826053
1171380953865867266
1310226177802420224
1036259006304542721
1138400692924583936
1296497121445597185
1288231512404459520
2470677228
426119276
1256614865516376065
1231387232012886016
1301839170717937665
2520815821
1244639546156834817
1304379221532311553
1305844292124946432
1304791819725672448
1253921415008419843
1292786969278259204
238592174
243576611
1240796842960359424
970064849874034688
264794276
1256938521199173632
1234318046631579648
3014395430
1221895475986460673
1403225706
1295612635879108608
1296883036189896704
1266867418845986816
1293044118520598528
1153961367684055040
908964120069791744
1266421866941386752
177548139
781454350660931584
1263050474296446976
1180857914304520193
1129699908531806209
1215681107431002114
105430474
1248846506666295297
443835358
909728515280429056
1279503180628279296
1289362301154295809
1267414159571824640
1260128186714578944
1285803037403959296
1159101054539063297
2953490119
1229087700918996992
419438098
795588486937997312
1283320679186624513
1164035585377312768
1119563632227102720
230089674
1284363519853359104
116450925
1202570978863173632
1276874060052324352
1246580895751921664
1276128545819918337
210398215
1281083289709604864
847107222731677697
1283593836422287360
1274327643765084161
1276913032971591683
1254793892471336961
1139493439320424448
2359224398
1221927977593663488
1152904281999024128
1074308787295514624
1158264897664217088
1260801212368080896
1206598791836491776
838121413995266050
1152492968063860736
1276114296099893249
919017055348592640
108505619
1159328295957102593
1277907148769382400
1289236329864155138
1181115412370448384
1001071268609720320
1204935258824560640
1276130226896908288
1222867532178051074
1182111896
1193360753765412864
1238112139417489415
1081163093428719616
1195925053302435840
1285191929076973568
190928475
ID:lAVQcd1ppMr3omgのフォローしました。
ID:asami_kisaragiのフォローしました。
ID:oq9paのフォローしました。
ID:pes19870605のフォローしました。
ID:yu_kiren0430のフォローしました。
ID:mysweetkesaneのフォローしました。
ID:SNSmarketing_FJのフォローしました。
ID:ks57kmg5のフォローしました。
ID:followback_twwのフォローしました。
ID:hatutyan21のフォローしました。
Traceback (most recent call last):
  File "/home/pi/Desktop/rakuten/refollow.py", line 40, in <module>
    main()
  File "/home/pi/Desktop/rakuten/refollow.py", line 30, in main
    if api.get_user(f).followers_count>api.get_user(f).friends_count*0.8:
  File "/usr/local/lib/python3.5/dist-packages/tweepy/binder.py", line 252, in _call
    return method.execute()
  File "/usr/local/lib/python3.5/dist-packages/tweepy/binder.py", line 234, in execute
    raise TweepError(error_msg, resp, api_code=api_error_code)
tweepy.error.TweepError: [{'code': 63, 'message': 'User has been suspended.'}]
